MC-1457 --> cRM issue  need to check in dialog

need to update 1422 in jira ticket

DB seeding issue in dialog

20200916 19:57:49.414 [http-bio-8105-exec-5] ERROR org.hibernate.engine.jdbc.spi.SqlExceptionHelper - ERROR: relation "reward_status_code_info" does not exist

hold on above

try to reproduce pritmtel site issue
insert into pf_schedule_groups  (id,group_name,profile_ids) values (1,'GDPR','99900207,99900208,99900209,999502,999501')


insert into profile_fields values (999501,'encryption_key_profile_id',0,1,1,'',0,999501,999501,6,'6','show,Demographics,monitor,seg-rewards,store_campaigns,msg_def_fields,reward_msg','700:848',0,'',1)

"99900207,99900208,99900209,999502,116,117,118,367,355,389,351,5740,548,549,547,753,858,5741,1073,383,5742,1072,398,397,2,3,4,173,174,175,335,336,337,344,345,346,349,350,353,364,365,366,373,374,375,376,377,378,385,386,390,391,396,397,400,413,414,415,416,417 (...)"


update pf_schedule_groups set profile_ids='116,117,118,367,355,389,351,5740,548,549,547,753,858,5741,1073,383,5742,1072,398,397,2,3,4,173,174,175,335,336,337,344,345,346,349,350,353,364,365,366,373,374,375,376,377,378,385,386,390,391,396,397,400,413,414,415,416,417,418,419,420,421,428,429,430,431,432,433,434,435,436,437,492,493,494,495,496,497,498,499,500,501,502,503,504,505,506,507,508,509,510,511,525,526,527,528,529,530,531,532,533,534,535,536,537,538,539,540,541,542,546,550,551,552,553,554,555,556,557,558,559,562,563,564,565,566,567,568,569,570,571,572,581,582,583,584,585,588,589,590,593,594,595,596,597,598,599,600,601,602,620,621,622,623,624,625,626,627,628,629,630,631,632,633,634,635,636,637,638,639,640,641,642,643,644,645,646,647,648,649,650,651,652,653,654,655,656,657,658,659,660,661,662,663,664,665,666,667,668,669,670,671,672,673,674,675,676,677,678,679,680,681,682,683,684,685,686,687,688,689,690,691,692,693,694,695,696,697,698,699,700,701,702,703,704,705,706,707,708,709,710,711,712,713,714,715,716,717,718,719,720,721,722,723,724,725,726,727,728,729,730,731,732,733,734,735,736,737,738,739,740,741,742,743,744,745,746,747,748,749,750,751,752,763,761,762,764,973,1074,1075,1076,1077,1078,1079,1084,5000,5001,5002,5003,5004,5005,5006,5007,5008,5009,5010,5011,5012,5013,5014,5015,5016,5017,5018,5019,5020,5021,5022,5023,5024,5025,5026,5027028,5029,5030,5031,5032,5033,5034,5035,5036,5037,5038,5039,5040,5041,5042,5043,5044,5045,5046,5047,5048,5049,5050,5051,5052,5053,5054,5055,5056,5057,5058,5059,5060,5061,5062,5063,5064,5065,5066,5067,5068,5069,5070,5071,5072,5073,5074,5075,5076,5077,5078,5079,5080,5081,5082,5083,5084,5085,5086,5087,5088,5089,5090,5091,5092,5093,5094,5095,5096,5097,5098,5099,5600,5601,5602,5603,5604,5605,5606,5607,5608,5609,5610,5611,5612,5613,5614,5615,5616,5617,5618,5619,5620,5621,5624,5625,5626,5627,5628,5629,5630,5631,5632,5633,5634,5635,5636,5637,5638,5639,5640,5641,5642,5643,5644,5645,5646,5647,5648,5649,5650,5651,5652,5653,5654,5655,5656,5657,5658,5659,5660,5661,5662,5663,5664,5665,5666,5667,5668,5669,5670,5671,5672,5673,5674,5675,5676,5677,5678,5679,5680,5681,5682,5683,5684,5685,5686,5687,5689,5690,5691,5692,5693,5694,5695,5696,5697,5698,5699,5700,5701,5702,5703,5704,5705,5706,5707,5708,5709,5710,5711,5712,5713,5714,5715,5716,5717,5718,5719,5720,5721,5722,5723,5724,5725,5726,5727,5728,5729,5730,5731,5732,5733,5734,5735,5736,5737,5738,5739,5743,5744,6001,6002,6003,6004,6005,6006,6007,6008,6009,6010,6011,6012,6013,6014,6015,6016,6017,6018,6019,6020,6021,6022,6023,6024,6025,6026,6027,6028,6029,6030,6031,6032,6033,6034,6035,6036,6037,6038,6039,6040,6041,6042,6043,6044,6045,6046,6047,6048,6049,6050,6051,6052,6053,6054,6055,6056,6059,6060,6061,6062,6063,6064,6065,6066,6067,6068,6071,6072,6073,6074,6075,6076,6077,6081,6082,6083,6084,6085,6086,6087,6088,6091,6092,6093,6094,6095,6096,6099,6100,6101,6102,6103,6104,6105,6106,6107,6108,6111,6112,6113,6114,6115,6116,6117,6121,6122,6123,6124,6125,6126,6127,6128,6131,6132,6133,6134,6135,6136,6137,6138,6139,6140,6141,6142,10090,10091,10092,10093,10094,10095,10096,10097,10098,10099,10100,10101,10102,10103,10119,10120,10121,10122,10123,10124,10125,10126,10127,10128,10129,10130,10131,10132,10133,10134,10135,10136,10137,10138,10139,10140,10141,10142,10143,10144,30001,30002,31001,31002,90001,90002,91001,91002,180001,180002,181001,181002,999001,999002,999012,99900104,99900204,99900205,347,348,29,11,20,6500,6501,6502,10145,6401,6402,6403,6404,7000,7001,7002,7003,7004,7005,7006,7011,7012,7013,7014,7015,7016,7017,7018,7019,7020,7021,7022,7023,7024,7025,7026,6600,20001,20002,20003,20004,20006,20007,20008,20009,20010,20011,20012,20013,20014,20015,20016,20017,20018,20019,20020,20021,20022,20023,20024,20025,20026,20027,20028,20029,20030,20031,20032,20033,20034,20035,20036,20037,20038,20039,20040,20041,20042,20043,20044,20045,7027,7028,7029,7030,3011,3014,3015,3016,3017,3020,4011,4012,4013,31001,30001,90004,90003,4014,4015,999006,999007,999008,999009,999010,999011,30111,30112,30113,30114,30115,30116,30117,30118,30119,30120,30121,30122,30123,30124,30125,30126,30127,30128,30129,30130,30131,30132,30133,30134,30135,30136,30137,30138,30139,30140,30141,30142,30144,30145,30146,30147,30148,30149,30150,30151,30152,30153,30154,30155,30156,30157,30158,30165,30166,30167,30168,30169,30170,30171,30172,30173,30174,30175,30176,30177,30178,30179,30180,30181,30192,30193,30194,30195,30196,30197,30198,30199,30200,30201,30202,30203,30204,30205,30206,30207,30212,30213,30214,30220,30221,30222,30223,30224,30228,30229,30226,30227,30225,30330,30331,30332,560' where id=2

u Sep 17 00:00:00 IST 2020
rohit@rohit:~/scripts$ cat profile_gen.sh 
hadoop jar /home/rohit/jars/profiling-5.1.0.6.jar com.kivar.lumina.core.mapreduce.deploy.SMARTScheduledProfileGeneratorMain $1 "$2"000 /home/rohit/product_configs/config/job_configs/sub_data_load2.properties

rohit@rohit:~/scripts$ cat profile_reader.sh 
java -Dlog4j.configurationFile=/home/rohit/jars/hibernate/log4j2.xml -cp ':/home/rohit/jars/hibernate:/home/rohit/jars/*:/home/rohit/jars/hibernate/log4j2.xml' com.kivar.lumina.encodedprofilereader.QuadProfileReaderMain "$1" /home/rohit/product_configs/config/job_configs/sub_data_load.properties
rohit@rohit:~/scripts$ 



 

